
#################################################################
# Summary Statistics
#################################################################

DIC = 26.52364

                           Mean    SD  2.5%    5%   25%   50%   75%   95% 97.5%
Epsilon.1                 1.046 0.391 0.485 0.530 0.775 0.989 1.259 1.744 1.918
Epsilon.2                 0.499 0.220 0.223 0.250 0.347 0.443 0.590 0.940 1.106
Region.SD                 2.152 1.281 0.706 0.846 1.326 1.842 2.563 4.660 5.941
Pack.SD                   1.103 0.435 0.476 0.522 0.746 1.038 1.387 1.925 2.084
p.global.Deer             0.303 0.170 0.077 0.097 0.164 0.250 0.495 0.572 0.580
p.global.Marine Mammals   0.305 0.087 0.150 0.156 0.224 0.316 0.380 0.429 0.436
p.global.Salmon           0.393 0.232 0.057 0.062 0.108 0.437 0.571 0.697 0.755
p.Region 1.Deer           0.757 0.105 0.476 0.517 0.721 0.778 0.834 0.876 0.883
p.Region 2.Deer           0.532 0.126 0.292 0.332 0.441 0.532 0.633 0.728 0.748
p.Region 3.Deer           0.214 0.176 0.000 0.000 0.055 0.195 0.309 0.581 0.642
p.Region 1.Marine Mammals 0.067 0.060 0.003 0.005 0.021 0.045 0.103 0.187 0.214
p.Region 2.Marine Mammals 0.167 0.097 0.047 0.055 0.091 0.128 0.232 0.355 0.393
p.Region 3.Marine Mammals 0.403 0.251 0.001 0.008 0.195 0.377 0.605 0.802 0.894
p.Region 1.Salmon         0.176 0.121 0.023 0.031 0.087 0.148 0.240 0.436 0.482
p.Region 2.Salmon         0.301 0.135 0.071 0.120 0.209 0.275 0.376 0.565 0.626
p.Region 3.Salmon         0.383 0.300 0.004 0.022 0.127 0.303 0.588 0.991 0.998
p.Pack 1.Deer             0.854 0.030 0.792 0.802 0.836 0.856 0.875 0.903 0.910
p.Pack 2.Deer             0.713 0.040 0.638 0.651 0.685 0.710 0.739 0.783 0.792
p.Pack 3.Deer             0.828 0.037 0.755 0.764 0.802 0.829 0.854 0.888 0.895
p.Pack 4.Deer             0.473 0.059 0.357 0.379 0.435 0.474 0.510 0.563 0.590
p.Pack 5.Deer             0.304 0.075 0.152 0.184 0.258 0.305 0.352 0.415 0.450
p.Pack 6.Deer             0.747 0.030 0.680 0.692 0.729 0.750 0.767 0.789 0.796
p.Pack 7.Deer             0.363 0.052 0.248 0.271 0.335 0.368 0.399 0.432 0.441
p.Pack 8.Deer             0.266 0.129 0.000 0.000 0.208 0.287 0.355 0.451 0.470
p.Pack 1.Marine Mammals   0.044 0.038 0.000 0.001 0.011 0.034 0.075 0.114 0.124
p.Pack 2.Marine Mammals   0.050 0.063 0.001 0.001 0.008 0.020 0.067 0.195 0.211
p.Pack 3.Marine Mammals   0.060 0.046 0.002 0.003 0.018 0.054 0.098 0.140 0.153
p.Pack 4.Marine Mammals   0.089 0.067 0.008 0.012 0.037 0.077 0.122 0.211 0.287
p.Pack 5.Marine Mammals   0.099 0.084 0.003 0.005 0.037 0.078 0.140 0.248 0.348
p.Pack 6.Marine Mammals   0.165 0.043 0.055 0.070 0.143 0.173 0.196 0.220 0.227
p.Pack 7.Marine Mammals   0.481 0.073 0.302 0.349 0.452 0.496 0.528 0.568 0.577
p.Pack 8.Marine Mammals   0.352 0.152 0.001 0.006 0.304 0.398 0.460 0.521 0.535
p.Pack 1.Salmon           0.101 0.057 0.003 0.010 0.052 0.108 0.146 0.187 0.197
p.Pack 2.Salmon           0.237 0.094 0.015 0.023 0.202 0.266 0.301 0.340 0.353
p.Pack 3.Salmon           0.112 0.069 0.004 0.006 0.052 0.114 0.168 0.222 0.232
p.Pack 4.Salmon           0.438 0.112 0.141 0.252 0.381 0.452 0.511 0.590 0.612
p.Pack 5.Salmon           0.597 0.145 0.242 0.363 0.521 0.616 0.692 0.792 0.828
p.Pack 6.Salmon           0.088 0.062 0.006 0.010 0.043 0.074 0.120 0.215 0.245
p.Pack 7.Salmon           0.156 0.111 0.016 0.026 0.080 0.137 0.200 0.355 0.448
p.Pack 8.Salmon           0.382 0.274 0.007 0.034 0.190 0.313 0.482 0.993 0.999
